39
0.04536450079239303 0.009112519809825673 1.0E-11 0.0013866877971473852 1.0E-11 3.961965134706815E-4 0.011489698890649762 0.023375594294770204 0.0053486529318541995 0.006735340729001585 0.00832012678288431 0.012480190174326465 0.003961965134706815 3.961965134706815E-4 1.9809825673534074E-4 1.9809825673534074E-4 1.0E-11 0.0027733755942947703 0.011687797147385102 0.009508716323296355 0.03328050713153724 0.02694136291600634 0.006339144215530904 3.961965134706815E-4 0.02119651347068146 0.0019809825673534074 1.9809825673534074E-4 1.0E-11 1.0E-11 0.006141045958795562 1.9809825673534074E-4 1.0E-11 5.942947702060222E-4 1.0E-11 1.0E-11 0.005150554675118859 1.9809825673534074E-4 1.0E-11 1.0E-11 
0.015451664025356577 0.008716323296354992 1.0E-11 1.0E-11 1.0E-11 1.0E-11 0.0035657686212361333 0.0025752773375594296 1.9809825673534074E-4 7.92393026941363E-4 1.0E-11 1.9809825673534074E-4 7.92393026941363E-4 1.0E-11 3.961965134706815E-4 1.9809825673534074E-4 1.0E-11 3.961965134706815E-4 0.00812202852614897 0.0013866877971473852 0.011489698890649762 0.007725832012678288 0.003169572107765452 1.0E-11 1.0E-11 1.9809825673534074E-4 1.9809825673534074E-4 1.0E-11 1.0E-11 0.002179080824088748 1.9809825673534074E-4 1.0E-11 1.0E-11 1.0E-11 1.0E-11 0.002971473851030111 0.0017828843106180666 1.0E-11 1.0E-11 
1.0E-11 1.0E-11 1.0E-11 1.0E-11 1.0E-11 1.0E-11 1.0E-11 1.0E-11 1.0E-11 1.0E-11 1.0E-11 1.0E-11 1.0E-11 1.0E-11 1.0E-11 1.0E-11 1.0E-11 1.0E-11 1.0E-11 1.0E-11 1.0E-11 1.0E-11 1.0E-11 1.0E-11 1.0E-11 1.0E-11 1.0E-11 1.0E-11 1.0E-11 1.0E-11 1.0E-11 1.0E-11 1.0E-11 1.0E-11 1.0E-11 1.0E-11 1.0E-11 1.0E-11 1.0E-11 
0.002971473851030111 1.0E-11 1.0E-11 0.0011885895404120444 1.9809825673534074E-4 1.9809825673534074E-4 3.961965134706815E-4 3.961965134706815E-4 1.0E-11 3.961965134706815E-4 1.0E-11 1.0E-11 1.0E-11 3.961965134706815E-4 1.0E-11 1.0E-11 1.9809825673534074E-4 7.92393026941363E-4 0.002377179080824089 0.002971473851030111 7.92393026941363E-4 9.904912836767037E-4 1.0E-11 1.0E-11 0.003169572107765452 0.0013866877971473852 1.0E-11 1.0E-11 1.0E-11 5.942947702060222E-4 7.92393026941363E-4 1.0E-11 1.0E-11 1.0E-11 1.0E-11 1.0E-11 1.0E-11 1.0E-11 1.0E-11 
0.001584786053882726 1.0E-11 1.0E-11 1.0E-11 1.0E-11 1.0E-11 5.942947702060222E-4 1.0E-11 1.0E-11 1.0E-11 1.0E-11 1.0E-11 1.0E-11 1.0E-11 1.0E-11 1.0E-11 1.0E-11 1.0E-11 3.961965134706815E-4 1.0E-11 1.0E-11 1.9809825673534074E-4 1.0E-11 1.0E-11 1.0E-11 1.0E-11 1.0E-11 1.0E-11 1.0E-11 1.0E-11 1.0E-11 1.0E-11 1.0E-11 1.0E-11 1.0E-11 1.0E-11 1.0E-11 1.0E-11 1.0E-11 
0.0013866877971473852 1.9809825673534074E-4 1.0E-11 1.0E-11 1.0E-11 1.0E-11 3.961965134706815E-4 5.942947702060222E-4 1.0E-11 1.9809825673534074E-4 1.0E-11 1.0E-11 1.0E-11 1.9809825673534074E-4 1.0E-11 1.0E-11 1.0E-11 1.0E-11 1.9809825673534074E-4 1.0E-11 1.0E-11 1.0E-11 1.0E-11 1.0E-11 1.0E-11 1.0E-11 1.0E-11 1.0E-11 1.0E-11 3.961965134706815E-4 1.0E-11 1.0E-11 1.0E-11 1.0E-11 1.0E-11 1.0E-11 1.0E-11 1.0E-11 1.0E-11 
0.04694928684627575 0.002971473851030111 1.0E-11 1.0E-11 1.0E-11 1.0E-11 0.0045562599049128365 0.0033676703645007925 0.002377179080824089 0.005942947702060222 0.001584786053882726 0.002971473851030111 0.0013866877971473852 1.0E-11 1.0E-11 1.0E-11 1.0E-11 9.904912836767037E-4 3.961965134706815E-4 3.961965134706815E-4 1.9809825673534074E-4 0.0011885895404120444 7.92393026941363E-4 1.0E-11 1.9809825673534074E-4 1.0E-11 1.0E-11 1.0E-11 1.0E-11 0.0019809825673534074 1.0E-11 1.0E-11 1.9809825673534074E-4 1.0E-11 1.0E-11 9.904912836767037E-4 1.0E-11 1.0E-11 1.0E-11 
0.0013866877971473852 7.92393026941363E-4 1.0E-11 0.0025752773375594296 7.92393026941363E-4 1.9809825673534074E-4 3.961965134706815E-4 9.904912836767037E-4 1.9809825673534074E-4 0.0027733755942947703 3.961965134706815E-4 1.0E-11 0.0013866877971473852 3.961965134706815E-4 3.961965134706815E-4 1.0E-11 1.0E-11 7.92393026941363E-4 1.0E-11 1.9809825673534074E-4 3.961965134706815E-4 1.9809825673534074E-4 0.0019809825673534074 9.904912836767037E-4 1.0E-11 1.0E-11 1.0E-11 1.0E-11 1.0E-11 1.9809825673534074E-4 1.0E-11 1.0E-11 1.0E-11 1.0E-11 1.0E-11 0.03347860538827258 1.0E-11 1.0E-11 1.0E-11 
0.002179080824088748 5.942947702060222E-4 1.0E-11 1.0E-11 1.0E-11 1.0E-11 0.0013866877971473852 0.0017828843106180666 1.0E-11 9.904912836767037E-4 7.92393026941363E-4 1.9809825673534074E-4 3.961965134706815E-4 1.0E-11 1.9809825673534074E-4 1.0E-11 1.0E-11 1.9809825673534074E-4 1.0E-11 1.0E-11 0.0011885895404120444 3.961965134706815E-4 5.942947702060222E-4 1.0E-11 1.0E-11 1.0E-11 1.0E-11 1.0E-11 1.0E-11 1.0E-11 1.0E-11 1.0E-11 1.0E-11 1.0E-11 1.0E-11 3.961965134706815E-4 1.0E-11 1.0E-11 1.0E-11 
7.92393026941363E-4 1.0E-11 1.0E-11 9.904912836767037E-4 1.9809825673534074E-4 1.0E-11 1.9809825673534074E-4 9.904912836767037E-4 1.0E-11 3.961965134706815E-4 3.961965134706815E-4 1.0E-11 1.9809825673534074E-4 1.0E-11 1.0E-11 1.0E-11 1.0E-11 3.961965134706815E-4 1.0E-11 1.0E-11 1.0E-11 1.0E-11 0.0011885895404120444 7.92393026941363E-4 1.0E-11 1.0E-11 1.0E-11 1.0E-11 1.0E-11 1.0E-11 1.0E-11 1.0E-11 1.0E-11 1.0E-11 1.0E-11 0.027535657686212363 1.0E-11 1.0E-11 1.0E-11 
0.006933438985736925 9.904912836767037E-4 1.0E-11 1.0E-11 1.0E-11 1.0E-11 5.942947702060222E-4 0.001584786053882726 3.961965134706815E-4 0.0011885895404120444 1.0E-11 1.0E-11 1.0E-11 1.9809825673534074E-4 1.0E-11 1.0E-11 3.961965134706815E-4 1.9809825673534074E-4 1.0E-11 1.0E-11 1.0E-11 1.9809825673534074E-4 1.9809825673534074E-4 1.0E-11 5.942947702060222E-4 1.0E-11 1.9809825673534074E-4 1.0E-11 1.0E-11 3.961965134706815E-4 1.0E-11 1.0E-11 1.0E-11 1.0E-11 1.0E-11 5.942947702060222E-4 1.9809825673534074E-4 1.0E-11 1.0E-11 
0.0033676703645007925 0.0013866877971473852 1.0E-11 1.0E-11 1.0E-11 1.0E-11 0.0013866877971473852 0.002377179080824089 1.9809825673534074E-4 0.00792393026941363 1.0E-11 1.0E-11 7.92393026941363E-4 1.9809825673534074E-4 1.9809825673534074E-4 1.0E-11 5.942947702060222E-4 3.961965134706815E-4 1.0E-11 1.0E-11 1.0E-11 1.9809825673534074E-4 5.942947702060222E-4 1.0E-11 1.0E-11 1.0E-11 1.0E-11 1.0E-11 1.0E-11 0.0013866877971473852 1.9809825673534074E-4 1.0E-11 1.9809825673534074E-4 1.0E-11 1.0E-11 1.9809825673534074E-4 1.9809825673534074E-4 1.0E-11 1.0E-11 
0.002179080824088748 9.904912836767037E-4 1.0E-11 1.9809825673534074E-4 1.0E-11 1.0E-11 0.003169572107765452 3.961965134706815E-4 1.0E-11 1.0E-11 1.0E-11 1.9809825673534074E-4 5.942947702060222E-4 1.0E-11 5.942947702060222E-4 1.0E-11 1.0E-11 7.92393026941363E-4 1.0E-11 1.0E-11 1.0E-11 9.904912836767037E-4 1.0E-11 1.9809825673534074E-4 1.0E-11 1.0E-11 1.0E-11 1.0E-11 1.0E-11 0.0033676703645007925 1.0E-11 1.0E-11 7.92393026941363E-4 1.0E-11 1.0E-11 1.0E-11 1.0E-11 1.0E-11 1.0E-11 
0.0033676703645007925 1.9809825673534074E-4 1.0E-11 1.0E-11 1.0E-11 1.0E-11 3.961965134706815E-4 3.961965134706815E-4 1.0E-11 1.0E-11 1.0E-11 1.0E-11 1.9809825673534074E-4 1.0E-11 1.9809825673534074E-4 1.0E-11 1.0E-11 1.0E-11 1.0E-11 1.0E-11 1.0E-11 1.0E-11 1.0E-11 1.0E-11 1.0E-11 1.9809825673534074E-4 1.9809825673534074E-4 1.0E-11 1.0E-11 3.961965134706815E-4 1.0E-11 1.0E-11 1.0E-11 1.0E-11 1.0E-11 1.0E-11 1.0E-11 1.0E-11 1.0E-11 
0.004358161648177496 1.9809825673534074E-4 1.0E-11 1.0E-11 1.0E-11 1.0E-11 7.92393026941363E-4 1.9809825673534074E-4 1.0E-11 1.0E-11 1.0E-11 1.0E-11 1.9809825673534074E-4 1.9809825673534074E-4 1.0E-11 1.0E-11 1.0E-11 1.0E-11 0.001584786053882726 3.961965134706815E-4 0.003169572107765452 1.9809825673534074E-4 1.0E-11 1.0E-11 1.0E-11 1.0E-11 3.961965134706815E-4 1.0E-11 1.0E-11 1.0E-11 1.0E-11 1.0E-11 1.0E-11 1.0E-11 1.0E-11 1.0E-11 1.0E-11 1.0E-11 1.0E-11 
0.0019809825673534074 1.0E-11 1.0E-11 1.0E-11 1.0E-11 1.9809825673534074E-4 7.92393026941363E-4 3.961965134706815E-4 1.0E-11 1.0E-11 1.0E-11 1.0E-11 1.9809825673534074E-4 1.0E-11 1.0E-11 1.0E-11 1.0E-11 1.0E-11 3.961965134706815E-4 1.0E-11 1.9809825673534074E-4 1.9809825673534074E-4 1.0E-11 1.0E-11 1.0E-11 1.0E-11 1.0E-11 1.0E-11 1.0E-11 1.0E-11 1.0E-11 1.0E-11 1.0E-11 1.0E-11 1.0E-11 1.0E-11 1.0E-11 1.0E-11 1.0E-11 
0.0017828843106180666 1.0E-11 1.0E-11 1.0E-11 1.0E-11 1.0E-11 5.942947702060222E-4 1.0E-11 1.0E-11 1.0E-11 1.0E-11 1.0E-11 1.0E-11 1.0E-11 1.0E-11 1.0E-11 1.0E-11 1.0E-11 5.942947702060222E-4 1.0E-11 1.0E-11 1.0E-11 1.0E-11 1.0E-11 1.0E-11 1.0E-11 1.0E-11 1.0E-11 1.0E-11 1.0E-11 1.0E-11 1.0E-11 1.9809825673534074E-4 1.0E-11 1.0E-11 1.0E-11 1.0E-11 1.0E-11 1.0E-11 
0.0045562599049128365 0.0013866877971473852 1.0E-11 9.904912836767037E-4 1.9809825673534074E-4 3.961965134706815E-4 0.0025752773375594296 0.0013866877971473852 3.961965134706815E-4 1.9809825673534074E-4 3.961965134706815E-4 1.9809825673534074E-4 1.9809825673534074E-4 1.9809825673534074E-4 3.961965134706815E-4 1.0E-11 1.0E-11 5.942947702060222E-4 1.0E-11 1.0E-11 0.001584786053882726 0.0011885895404120444 1.0E-11 1.0E-11 1.0E-11 1.0E-11 1.0E-11 1.0E-11 1.0E-11 0.0019809825673534074 1.0E-11 1.0E-11 1.9809825673534074E-4 1.0E-11 1.9809825673534074E-4 0.0013866877971473852 1.0E-11 1.0E-11 1.0E-11 
0.009508716323296355 0.002971473851030111 1.0E-11 0.001584786053882726 1.0E-11 9.904912836767037E-4 0.004952456418383518 0.0017828843106180666 1.9809825673534074E-4 0.0025752773375594296 3.961965134706815E-4 3.961965134706815E-4 9.904912836767037E-4 1.0E-11 0.0017828843106180666 3.961965134706815E-4 1.0E-11 9.904912836767037E-4 1.0E-11 1.0E-11 1.0E-11 1.9809825673534074E-4 1.0E-11 1.9809825673534074E-4 1.0E-11 1.0E-11 1.0E-11 1.0E-11 1.0E-11 0.001584786053882726 1.0E-11 1.0E-11 3.961965134706815E-4 1.0E-11 1.0E-11 3.961965134706815E-4 1.0E-11 1.0E-11 1.0E-11 
0.004952456418383518 0.0011885895404120444 1.0E-11 5.942947702060222E-4 1.0E-11 1.9809825673534074E-4 0.003763866877971474 0.002179080824088748 3.961965134706815E-4 1.9809825673534074E-4 3.961965134706815E-4 5.942947702060222E-4 5.942947702060222E-4 1.0E-11 5.942947702060222E-4 1.0E-11 3.961965134706815E-4 0.0013866877971473852 1.9809825673534074E-4 1.0E-11 1.0E-11 3.961965134706815E-4 1.0E-11 1.9809825673534074E-4 1.0E-11 1.0E-11 1.9809825673534074E-4 1.0E-11 1.0E-11 0.0011885895404120444 1.0E-11 1.0E-11 1.0E-11 1.0E-11 1.0E-11 3.961965134706815E-4 1.0E-11 1.0E-11 1.0E-11 
0.03169572107765452 0.004358161648177496 1.0E-11 1.9809825673534074E-4 1.0E-11 1.9809825673534074E-4 0.009112519809825673 3.961965134706815E-4 1.0E-11 1.9809825673534074E-4 1.0E-11 1.0E-11 9.904912836767037E-4 7.92393026941363E-4 5.942947702060222E-4 1.0E-11 1.9809825673534074E-4 0.0017828843106180666 1.0E-11 1.0E-11 1.0E-11 0.006735340729001585 3.961965134706815E-4 1.0E-11 1.0E-11 1.0E-11 3.961965134706815E-4 1.0E-11 1.0E-11 0.002971473851030111 5.942947702060222E-4 1.0E-11 1.0E-11 1.0E-11 1.0E-11 1.0E-11 1.9809825673534074E-4 1.0E-11 1.0E-11 
0.017234548335974643 0.0045562599049128365 1.0E-11 0.0011885895404120444 1.0E-11 3.961965134706815E-4 0.011489698890649762 0.003763866877971474 0.0013866877971473852 7.92393026941363E-4 0.001584786053882726 0.0027733755942947703 5.942947702060222E-4 3.961965134706815E-4 0.0017828843106180666 1.0E-11 5.942947702060222E-4 0.0025752773375594296 1.0E-11 1.0E-11 0.0025752773375594296 0.0019809825673534074 1.0E-11 1.0E-11 1.0E-11 1.0E-11 1.9809825673534074E-4 1.0E-11 1.0E-11 0.003763866877971474 1.0E-11 1.0E-11 7.92393026941363E-4 1.0E-11 1.0E-11 5.942947702060222E-4 3.961965134706815E-4 1.0E-11 1.9809825673534074E-4 
0.006735340729001585 0.0033676703645007925 1.0E-11 3.961965134706815E-4 1.0E-11 1.0E-11 0.002179080824088748 3.961965134706815E-4 1.0E-11 3.961965134706815E-4 1.0E-11 1.9809825673534074E-4 1.0E-11 5.942947702060222E-4 5.942947702060222E-4 5.942947702060222E-4 1.0E-11 9.904912836767037E-4 1.0E-11 1.0E-11 1.0E-11 1.0E-11 1.0E-11 1.9809825673534074E-4 1.0E-11 1.0E-11 1.0E-11 1.0E-11 1.0E-11 7.92393026941363E-4 1.0E-11 1.0E-11 1.0E-11 1.0E-11 1.0E-11 1.0E-11 1.9809825673534074E-4 1.0E-11 1.9809825673534074E-4 
7.92393026941363E-4 5.942947702060222E-4 1.0E-11 3.961965134706815E-4 1.0E-11 1.0E-11 7.92393026941363E-4 1.0E-11 1.0E-11 1.0E-11 1.0E-11 1.0E-11 1.0E-11 1.0E-11 1.9809825673534074E-4 1.9809825673534074E-4 1.0E-11 1.0E-11 5.942947702060222E-4 1.9809825673534074E-4 1.0E-11 1.9809825673534074E-4 1.0E-11 1.9809825673534074E-4 1.0E-11 1.0E-11 1.0E-11 1.0E-11 1.0E-11 1.0E-11 1.0E-11 1.0E-11 1.9809825673534074E-4 1.0E-11 1.0E-11 3.961965134706815E-4 1.0E-11 1.0E-11 1.0E-11 
0.0027733755942947703 5.942947702060222E-4 1.0E-11 1.9809825673534074E-4 1.0E-11 1.0E-11 0.001584786053882726 1.9809825673534074E-4 1.0E-11 3.961965134706815E-4 1.9809825673534074E-4 1.9809825673534074E-4 1.0E-11 1.0E-11 1.0E-11 1.0E-11 1.9809825673534074E-4 5.942947702060222E-4 0.0045562599049128365 0.0045562599049128365 0.003763866877971474 0.004160063391442155 1.9809825673534074E-4 1.0E-11 1.0E-11 1.0E-11 1.0E-11 1.0E-11 1.0E-11 5.942947702060222E-4 1.0E-11 1.0E-11 1.9809825673534074E-4 1.0E-11 1.0E-11 1.9809825673534074E-4 1.0E-11 1.0E-11 1.0E-11 
0.002971473851030111 1.0E-11 1.0E-11 9.904912836767037E-4 1.0E-11 1.0E-11 1.0E-11 3.961965134706815E-4 1.0E-11 7.92393026941363E-4 1.0E-11 1.0E-11 1.9809825673534074E-4 1.0E-11 1.0E-11 1.0E-11 1.0E-11 3.961965134706815E-4 1.0E-11 1.0E-11 1.0E-11 1.9809825673534074E-4 1.0E-11 1.0E-11 1.0E-11 0.0019809825673534074 1.0E-11 1.0E-11 1.0E-11 1.0E-11 1.0E-11 1.0E-11 1.0E-11 1.0E-11 1.0E-11 7.92393026941363E-4 1.0E-11 1.0E-11 1.0E-11 
9.904912836767037E-4 1.0E-11 1.0E-11 1.0E-11 1.0E-11 1.0E-11 0.0017828843106180666 1.9809825673534074E-4 1.0E-11 1.0E-11 1.0E-11 1.0E-11 1.9809825673534074E-4 1.0E-11 1.0E-11 1.0E-11 1.0E-11 1.0E-11 1.0E-11 1.9809825673534074E-4 1.0E-11 5.942947702060222E-4 1.9809825673534074E-4 1.0E-11 1.0E-11 1.0E-11 1.0E-11 1.0E-11 1.0E-11 1.0E-11 1.0E-11 1.0E-11 1.9809825673534074E-4 1.0E-11 1.0E-11 1.9809825673534074E-4 1.0E-11 1.0E-11 1.0E-11 
1.0E-11 1.0E-11 1.0E-11 1.0E-11 1.0E-11 1.0E-11 1.0E-11 1.0E-11 1.0E-11 1.0E-11 1.0E-11 1.0E-11 1.0E-11 1.0E-11 1.0E-11 1.0E-11 1.0E-11 1.0E-11 1.0E-11 1.0E-11 1.0E-11 1.0E-11 1.0E-11 1.0E-11 1.0E-11 1.0E-11 1.0E-11 1.0E-11 1.0E-11 1.0E-11 1.0E-11 1.0E-11 1.0E-11 1.0E-11 1.0E-11 1.0E-11 1.0E-11 1.0E-11 1.0E-11 
1.0E-11 1.0E-11 1.0E-11 1.0E-11 1.0E-11 1.0E-11 1.0E-11 1.0E-11 1.0E-11 1.0E-11 1.0E-11 1.0E-11 1.0E-11 1.0E-11 1.0E-11 1.0E-11 1.0E-11 1.0E-11 1.0E-11 1.0E-11 1.0E-11 1.0E-11 1.0E-11 1.0E-11 1.0E-11 1.0E-11 1.0E-11 1.0E-11 1.0E-11 1.0E-11 1.0E-11 1.0E-11 1.0E-11 1.0E-11 1.0E-11 1.0E-11 1.0E-11 1.0E-11 1.0E-11 
0.008914421553090333 0.00792393026941363 1.0E-11 1.0E-11 1.0E-11 1.0E-11 0.002377179080824089 1.9809825673534074E-4 1.0E-11 7.92393026941363E-4 1.0E-11 1.9809825673534074E-4 1.0E-11 1.0E-11 1.0E-11 1.0E-11 1.0E-11 1.9809825673534074E-4 1.0E-11 1.0E-11 0.0025752773375594296 0.003763866877971474 1.0E-11 1.0E-11 1.0E-11 1.0E-11 0.0019809825673534074 1.0E-11 1.0E-11 0.005744849445324881 1.0E-11 1.0E-11 1.0E-11 1.0E-11 1.0E-11 1.0E-11 1.0E-11 1.0E-11 0.004754358161648178 
0.0017828843106180666 1.0E-11 1.0E-11 1.0E-11 1.0E-11 1.0E-11 1.0E-11 1.0E-11 1.0E-11 1.0E-11 1.0E-11 1.0E-11 1.0E-11 1.0E-11 1.0E-11 1.0E-11 1.0E-11 1.0E-11 1.0E-11 1.0E-11 1.9809825673534074E-4 1.0E-11 1.0E-11 1.0E-11 1.0E-11 1.0E-11 1.0E-11 1.0E-11 1.0E-11 5.942947702060222E-4 1.0E-11 1.0E-11 1.0E-11 1.0E-11 1.0E-11 3.961965134706815E-4 1.0E-11 1.0E-11 1.0E-11 
1.0E-11 1.0E-11 1.0E-11 1.0E-11 1.0E-11 1.0E-11 1.0E-11 1.0E-11 1.0E-11 1.0E-11 1.0E-11 1.0E-11 1.0E-11 1.0E-11 1.0E-11 1.0E-11 1.0E-11 1.0E-11 1.0E-11 1.0E-11 1.0E-11 1.0E-11 1.0E-11 1.0E-11 1.0E-11 1.0E-11 1.0E-11 1.0E-11 1.0E-11 1.0E-11 1.0E-11 1.0E-11 1.0E-11 1.0E-11 1.0E-11 1.0E-11 1.0E-11 1.0E-11 1.0E-11 
0.001584786053882726 3.961965134706815E-4 1.0E-11 1.0E-11 1.0E-11 1.0E-11 7.92393026941363E-4 1.0E-11 1.0E-11 1.9809825673534074E-4 1.0E-11 5.942947702060222E-4 1.0E-11 1.0E-11 1.0E-11 1.9809825673534074E-4 1.0E-11 1.9809825673534074E-4 1.0E-11 1.0E-11 1.0E-11 1.0E-11 1.0E-11 1.0E-11 1.0E-11 1.0E-11 1.0E-11 1.0E-11 1.0E-11 1.0E-11 1.0E-11 1.0E-11 1.9809825673534074E-4 1.0E-11 1.0E-11 1.9809825673534074E-4 1.0E-11 1.0E-11 1.0E-11 
1.0E-11 1.0E-11 1.0E-11 1.0E-11 1.0E-11 1.0E-11 1.0E-11 1.0E-11 1.0E-11 1.0E-11 1.0E-11 1.0E-11 1.0E-11 1.0E-11 1.0E-11 1.0E-11 1.0E-11 1.0E-11 1.0E-11 1.0E-11 1.0E-11 1.0E-11 1.0E-11 1.0E-11 1.0E-11 1.0E-11 1.0E-11 1.0E-11 1.0E-11 1.0E-11 1.0E-11 1.0E-11 1.0E-11 1.0E-11 1.0E-11 1.0E-11 1.0E-11 1.0E-11 1.0E-11 
1.9809825673534074E-4 1.0E-11 1.0E-11 1.0E-11 1.0E-11 1.0E-11 1.0E-11 1.0E-11 1.0E-11 1.0E-11 1.0E-11 1.0E-11 1.0E-11 1.0E-11 1.0E-11 1.0E-11 1.0E-11 1.0E-11 1.0E-11 1.0E-11 1.0E-11 1.0E-11 1.0E-11 1.0E-11 1.0E-11 1.0E-11 1.0E-11 1.0E-11 1.0E-11 1.0E-11 1.0E-11 1.0E-11 1.0E-11 1.0E-11 1.0E-11 1.0E-11 1.0E-11 1.0E-11 1.0E-11 
0.020007923930269414 0.01664025356576862 1.0E-11 0.007527733755942948 0.0013866877971473852 3.961965134706815E-4 0.0071315372424722665 3.961965134706815E-4 1.9809825673534074E-4 1.0E-11 3.961965134706815E-4 5.942947702060222E-4 1.0E-11 0.001584786053882726 0.0035657686212361333 0.0025752773375594296 5.942947702060222E-4 0.003169572107765452 1.9809825673534074E-4 1.0E-11 3.961965134706815E-4 5.942947702060222E-4 0.002179080824088748 0.001584786053882726 1.0E-11 3.961965134706815E-4 5.942947702060222E-4 1.0E-11 1.0E-11 0.002971473851030111 9.904912836767037E-4 1.0E-11 1.0E-11 1.0E-11 1.0E-11 0.004358161648177496 3.961965134706815E-4 1.0E-11 1.0E-11 
7.92393026941363E-4 0.0025752773375594296 1.0E-11 1.0E-11 1.0E-11 1.0E-11 1.0E-11 1.0E-11 1.0E-11 1.0E-11 1.0E-11 1.0E-11 1.0E-11 1.0E-11 1.0E-11 1.0E-11 1.0E-11 1.0E-11 1.0E-11 1.9809825673534074E-4 1.0E-11 1.0E-11 1.0E-11 1.0E-11 1.0E-11 1.0E-11 1.0E-11 1.0E-11 1.0E-11 1.0E-11 1.0E-11 1.0E-11 1.0E-11 1.0E-11 1.0E-11 1.0E-11 1.0E-11 1.0E-11 1.0E-11 
1.0E-11 1.0E-11 1.0E-11 1.0E-11 1.0E-11 1.0E-11 1.0E-11 1.0E-11 1.0E-11 1.0E-11 1.0E-11 1.0E-11 1.0E-11 1.0E-11 1.0E-11 1.0E-11 1.0E-11 1.0E-11 1.0E-11 1.0E-11 1.0E-11 1.0E-11 1.0E-11 1.0E-11 1.0E-11 1.0E-11 1.0E-11 1.0E-11 1.0E-11 1.0E-11 1.0E-11 1.0E-11 1.0E-11 1.0E-11 1.0E-11 1.0E-11 1.0E-11 1.0E-11 1.0E-11 
3.961965134706815E-4 1.0E-11 1.0E-11 1.0E-11 1.0E-11 1.0E-11 1.9809825673534074E-4 1.9809825673534074E-4 1.0E-11 1.9809825673534074E-4 1.0E-11 1.0E-11 5.942947702060222E-4 1.0E-11 1.0E-11 1.0E-11 1.0E-11 1.0E-11 9.904912836767037E-4 1.0E-11 1.0E-11 0.002179080824088748 1.0E-11 1.0E-11 1.0E-11 1.0E-11 1.0E-11 1.0E-11 1.0E-11 1.0E-11 1.0E-11 1.0E-11 1.9809825673534074E-4 1.0E-11 1.0E-11 1.9809825673534074E-4 1.0E-11 1.0E-11 1.0E-11 
